54.7571,83.0223 128.0
54.7571,83.0224559 128.3
54.7571,83.0226118 128.7
54.7571,83.0227677 129.1
54.7571,83.0229236 129.5
54.7571,83.0230795 129.9
54.7571,83.0232354 130.2
54.7571,83.0233913 130.6
54.7571,83.0235472 130.9
54.7571,83.0237031 131.2
54.7571,83.023859 131.4
54.7571,83.0240149 131.7
54.7571,83.0241708 132.0
54.7571,83.0243267 131.9
54.7571,83.0244826 131.8
54.7571,83.0246385 131.7
54.7571,83.0247944 131.6
54.7571,83.0249503 131.5
54.7571,83.0251062 131.8
54.7571,83.0252621 132.1
54.7571,83.025418 132.5
54.7571,83.0255739 132.9
54.7571,83.0257298 133.3
54.7571,83.0258857 133.6
54.7571,83.0260416 133.9
54.7571,83.0261975 134.2
54.7571,83.0263534 134.4
54.7571,83.0265093 134.7
54.7571,83.0266652 135.0
54.7571,83.0268211 134.8
54.7571,83.026977 134.6
54.7571,83.0271329 134.4
54.7571,83.0272888 134.2
54.7571,83.0274447 134.0
54.7571,83.0276006 133.8
54.7571,83.0277565 133.6
54.7571,83.0279124 133.4
54.7571,83.0280683 133.3
54.7571,83.0282242 133.1
54.7571,83.0283801 133.0
54.7571,83.028536 133.2
54.7571,83.0286919 133.4
54.7571,83.0288478 133.6
54.7571,83.0290037 133.8
54.7571,83.0291596 134.0
54.7571,83.0293155 134.1
54.7571,83.0294714 134.2
54.7571,83.0296273 134.2
54.7571,83.0297832 134.3
54.7571,83.0299391 134.4
54.7571,83.030095 134.5
54.7571,83.0302509 134.6
54.7571,83.0304068 134.7
54.7571,83.0305627 134.8
54.7571,83.0307186 134.9
54.7571,83.0308745 135.0
54.7571,83.0310304 135.0
54.7571,83.0311863 135.0
54.7571,83.0313422 135.0
